-1.	1.4070047719191543e-6
-0.99	1.7797008989216332e-6
-0.98	2.248135450432558e-6
-0.97	2.8360753785409496e-6
-0.96	3.5729643543886484e-6
-0.95	4.495219798663711e-6
-0.94	5.647811177475256e-6
-0.9299999999999999	7.086176800803255e-6
-0.92	8.878547100198068e-6
-0.91	0.000011108754903453024
-0.9	0.000013879627819702446
-0.89	0.0000173170747762049
-0.88	0.000021574998309210177
-0.87	0.00002684118672961153
-0.86	0.00003334436610336499
-0.85	0.00004136262146707095
-0.84	0.00005123343021119207
-0.83	0.00006336558848059065
-0.8200000000000001	0.00007825335413034351
-0.81	0.00009649317757930984
-0.8	0.00011880344513256451
-0.79	0.00014604771824647104
-0.78	0.00017926201695370964
-0.77	0.00021968676630412052
-0.76	0.0002688041011165926
-0.75	0.0003283813062944124
-0.74	0.00040052125691169974
-0.73	0.00048772081342351363
-0.72	0.0005929382215288678
-0.71	0.0007196706618531585
-0.7	0.0008720431896587876
-0.69	0.0010549103966253322
-0.6799999999999999	0.0012739722121142823
-0.6699999999999999	0.0015359053362842354
-0.6599999999999999	0.0018485118571987006
-0.6499999999999999	0.0022208866430605103
-0.64	0.0026636051123852954
-0.63	0.0031889329618008605
-0.62	0.0038110593647532206
-0.61	0.004546355035253959
-0.6	0.005413656368521167
-0.59	0.006434576613693076
-0.5800000000000001	0.007633844690763206
-0.5700000000000001	0.009039671822022149
-0.56	0.010684145594880855
-0.55	0.012603650395418983
-0.54	0.014839312338346006
-0.53	0.017437465858435815
-0.52	0.02045013801182726
-0.51	0.023935545256400834
-0.5	0.0279585960356906
-0.49	0.032591390881854386
-0.48	0.03791370998695785
-0.47	0.044013476281720774
-0.45999999999999996	0.05098718002816497
-0.44999999999999996	0.05894024880752871
-0.43999999999999995	0.06798734460765846
-0.42999999999999994	0.07825256753626157
-0.42000000000000004	0.0898695435712533
-0.41000000000000003	0.10298137178283337
-0.4	0.11774040471260573
-0.39	0.13430783417424472
-0.38	0.15285305376112843
-0.37	0.17355276893264945
-0.36	0.1965898258346546
-0.35	0.2221517311281653
-0.33999999999999997	0.25042883719332776
-0.32999999999999996	0.2816121702783285
-0.31999999999999995	0.3158908836027626
-0.30999999999999994	0.35344932321289174
-0.29999999999999993	0.3944637016103515
-0.29000000000000004	0.43909838289253034
-0.28	0.4875017933679347
-0.27	0.5398019833096689
-0.26	0.5961018785924749
-0.25	0.6564742752641173
-0.24	0.7209566453964678
-0.22999999999999998	0.7895458385310709
-0.21999999999999997	0.8621927792800085
-0.20999999999999996	0.9387972776824456
-0.19999999999999996	1.019203084185415
-0.18999999999999995	1.1031933349738554
-0.17999999999999994	1.190486545116616
-0.16999999999999993	1.2807333158712093
-0.16000000000000003	1.3735139277260295
-0.15000000000000002	1.4683369915820763
-0.14	1.564639326149815
-0.13	1.6617872194961267
-0.12	1.7590792161695035
-0.10999999999999999	1.855750548062936
-0.09999999999999998	1.95097929694744
-0.08999999999999997	2.043894339470232
-0.07999999999999996	2.133585081685911
-0.06999999999999995	2.2191129405140178
-0.05999999999999994	2.2995244748631993
-0.04999999999999993	2.3738660108466023
-0.040000000000000036	2.4411995451904662
-0.030000000000000027	2.5006196505795537
-0.020000000000000018	2.551271048539678
-0.010000000000000009	2.592366461990996
0.	2.6232043134142877
0.010000000000000009	2.6431857982851996
0.020000000000000018	2.6518308395920798
0.030000000000000027	2.6487924201891015
0.040000000000000036	2.6338687974193338
0.050000000000000044	2.60701313034677
0.06000000000000005	2.5683400949057282
0.07000000000000006	2.5181291264023695
0.08000000000000007	2.4568240113300504
0.09000000000000008	2.385028649719902
0.10000000000000009	2.303498922637085
0.1100000000000001	2.213130723438638
0.1200000000000001	2.1149443416855878
0.13000000000000012	2.0100655201066657
0.14000000000000012	1.8997036321908196
0.15000000000000013	1.7851275450160373
0.15999999999999992	1.6676398329895774
0.16999999999999993	1.5485500877854688
0.17999999999999994	1.4291481230714027
0.18999999999999995	1.3106778957361425
0.19999999999999996	1.194312955636144
0.20999999999999996	1.081134192257807
0.21999999999999997	0.9721105697030612
0.22999999999999998	0.8680834333867593
0.24	0.7697548368793341
0.25	0.677680181166823
0.26	0.5922652883586784
0.27	0.5137678557281413
0.28	0.44230306270930986
0.29000000000000004	0.3778529419918661
0.30000000000000004	0.32027898459829923
0.31000000000000005	0.26933733525629794
0.32000000000000006	0.2246958544437816
0.33000000000000007	0.18595228120215118
0.3400000000000001	0.15263982528241646
0.3500000000000001	0.12429170903364223
0.3600000000000001	0.10040303569867941
0.3700000000000001	0.08046629578952766
0.3800000000000001	0.06398585069481064
0.3900000000000001	0.05048980935066855
0.40000000000000013	0.039539018325939916
0.4099999999999999	0.03073315791501652
0.41999999999999993	0.023714153654189916
0.42999999999999994	0.018167261667199185
0.43999999999999995	0.013820268126584228
0.44999999999999996	0.010441267123618193
0.45999999999999996	0.007835460899845227
0.47	0.005841376240386355
0.48	0.004326824181849756
0.49	0.0031848579177783196
0.5	0.00232991386435289
0.51	0.0016942584380932756
0.52	0.0012248109471918328
0.53	0.0008803719980787337
0.54	0.0006292565568902132
0.55	0.0004473100692272133
0.56	0.0003162732206472319
0.5700000000000001	0.00022245430165546398
0.5800000000000001	0.00015566610405880318
0.5900000000000001	0.00010838540506007215
0.6000000000000001	0.00007509623097307822
0.6100000000000001	0.00005178233473445294
0.6200000000000001	0.000035539011746936634
0.6300000000000001	0.000024279063718560785
0.6400000000000001	0.000016512112055960923
0.6500000000000001	0.000011180399002417555
0.6600000000000001	7.537625023973272e-6
0.6699999999999999	5.0602457116505185e-6
0.6799999999999999	3.3830203664834343e-6
0.69	2.2525189410314245e-6
0.7	1.4938152633368531e-6